spawns:
  default:
    world: 68c6649e-95ca-449e-845f-9fdd42053586
    world-name: world
    x: -1536.6674280454592
    y: 115.9375
    z: 868.4265890961494
    yaw: -84.65283203125
    pitch: 19.3973445892334
