world: 429d59c4-a686-45d5-8ffd-f470c81f8249
world-name: worldDungeon
x: -70.06880493399734
y: 33.0
z: 331.30401585107774
yaw: 12.23095703125
pitch: 78.45000457763672
name: boss3
lastowner: 43f59985-74e9-3264-a600-e9e49c0843c2
