world: 429d59c4-a686-45d5-8ffd-f470c81f8249
world-name: worldDungeon
x: 19.398046252024052
y: 12.0
z: 58.091413807418256
yaw: -88.46649169921875
pitch: 28.253551483154297
name: dungeon1
lastowner: 43f59985-74e9-3264-a600-e9e49c0843c2
