world: 429d59c4-a686-45d5-8ffd-f470c81f8249
world-name: worldDungeon
x: 41.49530133232351
y: 5.0
z: 160.48427475875053
yaw: -75.2894058227539
pitch: 33.578468322753906
name: Dungeon
lastowner: bd3a5fca-83f2-38a9-b281-607c49a1e59b
