world: 429d59c4-a686-45d5-8ffd-f470c81f8249
world-name: worldDungeon
x: 151.084083654483
y: 11.0
z: 144.07499998807907
yaw: -4.76739501953125
pitch: 23.903560638427734
name: dungeon2
lastowner: 43f59985-74e9-3264-a600-e9e49c0843c2
