world: 49b68030-04db-47b2-b5fa-869c462191e4
world-name: worldSpawn
x: -1735.5
y: 83.0
z: -201.5
yaw: 87.38105773925781
pitch: 83.84994506835938
name: trade
lastowner: bd3a5fca-83f2-38a9-b281-607c49a1e59b
