world: 429d59c4-a686-45d5-8ffd-f470c81f8249
world-name: worldDungeon
x: 308.2932204706925
y: 3.9375
z: 116.54837245844185
yaw: -80.817138671875
pitch: 9.803465843200684
name: village
lastowner: 43f59985-74e9-3264-a600-e9e49c0843c2
